	CONTROLN	TARGET_B
0	177658	1
1	97648	1
2	116053	1
3	109240	0
4	93585	0
5	34413	1
6	84623	1
7	35277	0
8	175923	1
9	25908	1
10	50688	1
11	145204	0
12	10059	0
13	153414	0
14	176209	1
15	137352	1
16	64953	1
17	53153	1
18	15155	0
19	113805	0
20	104282	0
21	66791	1
22	39096	0
23	190823	0
24	62335	0
25	142284	0
26	29952	1
27	119830	0
28	13491	0
29	13996	1
30	90989	1
31	158883	0
32	22702	1
33	21017	0
34	115961	0
35	55231	1
36	182721	0
37	153395	1
38	156664	1
39	138897	0
40	146999	0
41	187863	1
42	120790	1
43	123179	1
44	126000	1
45	151791	1
46	174787	0
47	148761	1
48	79979	1
49	3520	0
50	142761	1
51	70786	1
52	149712	1
53	14901	1
54	113277	0
55	136095	0
56	94347	1
57	26186	0
58	179658	0
59	164984	1
60	98043	0
61	154184	0
62	894	1
63	128066	1
64	83072	0
65	15379	0
66	89966	1
67	161726	1
68	137932	0
69	133291	0
70	32156	1
71	109806	0
72	181605	1
73	170433	1
74	184708	0
75	25867	1
76	18644	0
77	137096	0
78	68257	1
79	112155	0
80	47342	0
81	30613	0
82	32364	0
83	65094	0
84	169417	1
85	76370	0
86	90861	1
87	31699	1
88	92416	1
89	106214	0
90	164933	1
91	23157	1
92	51566	1
93	5334	0
94	113845	0
95	97023	0
96	176638	0
97	12881	0
98	186479	0
99	10732	0
100	13134	0
101	9976	1
102	26987	0
103	37896	0
104	111940	0
105	83530	0
106	83265	1
107	136394	0
108	67899	0
109	79044	0
110	66760	0
111	129975	1
112	149205	1
113	36017	0
114	190842	1
115	134811	0
116	112500	0
117	104443	0
118	179338	1
119	117674	0
120	52694	0
121	92863	0
122	34772	0
123	180463	1
124	169679	1
125	169399	0
126	16639	0
127	50581	0
128	65144	0
129	121538	0
130	120620	1
131	72643	0
132	88575	1
133	144091	0
134	48702	0
135	52504	0
136	46944	1
137	57396	1
138	64674	1
139	78612	0
140	43320	0
141	111653	0
142	8690	1
143	77330	0
144	969	1
145	42931	0
146	51844	0
147	31104	0
148	22692	0
149	134412	1
150	143768	0
151	168181	1
152	7660	1
153	49169	0
154	172735	0
155	25129	0
156	171840	1
157	49526	0
158	170621	1
159	69188	0
160	37682	1
161	138950	1
162	11295	1
163	176574	0
164	110189	0
165	132535	1
166	15587	0
167	128498	1
168	86921	1
169	168171	1
170	187849	1
171	27240	1
172	154355	0
173	26682	1
174	5252	0
175	48137	0
176	52015	1
177	159765	0
178	10973	1
179	138392	0
180	63371	1
181	134619	1
182	152527	0
183	15522	0
184	124104	0
185	39808	0
186	38145	0
187	50864	1
188	63906	1
189	93570	1
190	71910	0
191	143167	0
192	163752	0
193	157692	1
194	10658	0
195	81284	0
196	48463	0
197	104811	0
198	26240	1
199	176973	0
200	168823	1
201	64128	0
202	34063	1
203	35232	1
204	59372	1
205	180723	1
206	105061	1
207	28353	1
208	2018	1
209	141108	0
210	101894	1
211	11836	0
212	122862	0
213	96819	1
214	68866	0
215	27466	0
216	75832	0
217	84975	1
218	46109	1
219	117084	1
220	120066	0
221	67490	0
222	129031	1
223	81022	0
224	52939	0
225	168122	1
226	124966	1
227	71802	1
228	134241	1
229	95754	1
230	92633	1
231	149285	1
232	147165	0
233	26029	1
234	14086	0
235	18764	0
236	46634	1
237	103860	0
238	161537	0
239	173697	1
240	81394	0
241	66423	0
242	52255	0
243	31700	0
244	41463	0
245	135579	1
246	16667	0
247	23640	1
248	81165	0
249	34255	1
250	158126	1
251	95647	1
252	183538	0
253	79921	0
254	84120	1
255	145745	0
256	33944	1
257	1508	1
258	170608	1
259	18143	0
260	110377	0
261	167945	0
262	129379	0
263	49516	1
264	141724	0
265	185646	0
266	7613	1
267	182086	1
268	125478	1
269	72039	0
270	182215	1
271	29178	0
272	24839	0
273	181087	1
274	163726	0
275	146815	1
276	65504	1
277	141481	0
278	17191	1
279	159726	1
280	183486	0
281	186880	0
282	190411	0
283	116954	1
284	163710	0
285	96724	0
286	92132	0
287	162957	0
288	125939	1
289	118807	1
290	16891	0
291	41172	1
292	123116	0
293	135828	0
294	48154	1
295	145128	0
296	44721	0
297	84903	0
298	165496	1
299	68631	1
300	174205	1
301	53398	0
302	139316	0
303	183245	1
304	153607	1
305	115594	0
306	161157	1
307	190876	0
308	103442	1
309	75407	0
310	188865	1
311	176881	1
312	11281	0
313	148427	1
314	75768	0
315	64273	0
316	122716	0
317	161682	1
318	60903	0
319	181677	1
320	190927	1
321	185925	1
322	176787	0
323	40421	1
324	43211	1
325	107318	0
326	146306	0
327	43610	0
328	40807	0
329	115007	0
330	104763	1
331	122202	1
332	89824	1
333	31591	1
334	63934	0
335	75279	1
336	65864	1
337	45982	1
338	82262	0
339	176746	1
340	22207	1
341	84666	0
342	81655	0
343	170511	0
344	61335	1
345	164733	1
346	72113	1
347	168722	0
348	45565	0
349	72984	0
350	18859	1
351	27083	0
352	179109	1
353	140830	0
354	136405	0
355	98998	0
356	44885	1
357	117168	1
358	4005	0
359	34632	1
360	109415	0
361	54390	0
362	110207	0
363	114373	1
364	19413	0
365	40955	0
366	65787	0
367	2185	1
368	178298	1
369	173461	1
370	132292	1
371	164954	1
372	7350	1
373	188244	0
374	14016	1
375	62653	0
376	166172	1
377	63579	0
378	24471	0
379	10150	0
380	18655	0
381	58938	0
382	82118	1
383	77337	1
384	188834	0
385	72070	0
386	126806	1
387	159979	1
388	122348	0
389	95118	1
390	86858	0
391	30700	1
392	15488	0
393	105575	1
394	137467	0
395	22673	1
396	160997	0
397	74527	1
398	95332	0
399	131097	1
400	53114	0
401	967	0
402	1995	1
403	181461	0
404	4537	0
405	162657	1
406	18311	1
407	190081	1
408	131682	1
409	3127	0
410	173677	1
411	134969	1
412	71191	0
413	63241	0
414	74745	0
415	2331	0
416	66156	1
417	19308	0
418	59044	1
419	55421	0
420	42047	0
421	78867	0
422	73446	0
423	102019	0
424	72801	0
425	160439	0
426	104030	0
427	114018	0
428	1453	0
429	46795	0
430	63504	1
431	31876	1
432	57434	1
433	66223	1
434	50695	1
435	71919	0
436	12558	0
437	70223	1
438	57780	0
439	48660	0
440	178512	0
441	35274	1
442	7077	0
443	108169	1
444	85646	0
445	66555	0
446	161043	1
447	87285	0
448	135107	1
449	25379	0
450	38560	0
451	35617	0
452	76612	1
453	157806	1
454	38900	0
455	101635	1
456	165886	0
457	54272	0
458	154367	1
459	75559	0
460	124742	1
461	99200	0
462	43681	0
463	186917	0
464	47979	1
465	44979	0
466	35529	0
467	167558	0
468	98657	1
469	5899	0
470	74160	0
471	39146	0
472	165740	1
473	94050	0
474	38666	0
475	163490	1
476	134899	0
477	13945	0
478	117603	1
479	102530	0
480	82599	1
481	6975	0
482	135624	1
483	35902	1
484	69749	1
485	40396	1
486	5200	1
487	153578	1
488	135649	1
489	92913	0
490	92020	0
491	20065	1
492	172286	1
493	77840	1
494	42392	0
495	4229	1
496	114152	1
497	121067	1
498	60958	0
499	155546	0
500	43801	1
501	105326	0
502	104659	0
503	9413	1
504	45864	0
505	117283	1
506	33603	1
507	22410	0
508	20096	0
509	125276	0
510	110270	1
511	114117	0
512	142999	0
513	24477	0
514	115694	1
515	85318	1
516	63136	1
517	114644	0
518	171627	0
519	106918	0
520	54665	0
521	55428	1
522	90653	0
523	86827	0
524	85300	0
525	41144	1
526	80840	1
527	54745	0
528	40974	0
529	39881	1
530	169137	0
531	139477	1
532	174884	0
533	185893	0
534	158534	0
535	39553	0
536	162109	1
537	98805	0
538	30761	1
539	142327	0
540	35390	0
541	2538	1
542	16712	0
543	173985	1
544	96779	0
545	10883	1
546	125498	1
547	10201	1
548	93448	1
549	60974	0
550	133290	0
551	37459	0
552	124197	0
553	73454	1
554	190667	0
555	190972	0
556	54114	1
557	159064	1
558	24593	1
559	5681	0
560	129470	0
561	185062	0
562	141633	1
563	80829	1
564	86938	0
565	125162	1
566	77380	1
567	45428	0
568	72763	1
569	30427	1
570	99836	0
571	52573	0
572	151820	1
573	39487	0
574	121478	1
575	131400	1
576	78061	1
577	32255	0
578	170730	0
579	78757	1
580	76041	0
581	66031	1
582	117929	1
583	166960	1
584	38103	1
585	114666	1
586	1930	0
587	31156	1
588	139533	1
589	20971	1
590	122135	1
591	20924	1
592	111273	0
593	3424	1
594	30522	0
595	7226	0
596	47768	1
597	60139	0
598	57250	0
599	123337	1
600	178366	1
601	174985	0
602	162846	1
603	148326	0
604	146690	0
605	19128	0
606	141826	1
607	151794	0
608	12158	1
609	101356	0
610	48340	0
611	130428	0
612	43	0
613	83177	1
614	85894	1
615	108008	1
616	167666	1
617	107613	1
618	181028	0
619	12338	0
620	176365	0
621	22189	1
622	63915	0
623	151037	1
624	102348	0
625	187153	0
626	15207	0
627	157816	1
628	143395	1
629	101372	0
630	78774	0
631	27007	1
632	143371	1
633	170174	1
634	74106	0
635	76291	0
636	25012	0
637	42877	0
638	6534	0
639	82099	0
640	119504	1
641	169947	1
642	63896	0
643	50927	0
644	111089	0
645	146058	0
646	105164	1
647	22798	1
648	109597	1
649	6529	1
650	173185	1
651	80916	0
652	72789	1
653	46998	0
654	22607	1
655	36326	1
656	176795	1
657	49035	1
658	124474	0
659	105933	0
660	23223	1
661	155965	1
662	29215	0
663	15119	0
664	21611	0
665	24329	0
666	174516	0
667	32850	0
668	55202	0
669	64520	0
670	41681	1
671	144358	1
672	167404	1
673	127063	1
674	45481	0
675	181828	0
676	108961	1
677	40593	0
678	123772	0
679	67257	1
680	119064	0
681	159429	0
682	43619	0
683	44869	1
684	27583	1
685	72211	1
686	184216	0
687	22013	0
688	160446	0
689	28690	0
690	171251	1
691	112504	1
692	119654	0
693	129080	1
694	173403	1
695	153417	0
696	50149	1
697	70509	1
698	36625	1
699	32975	0
700	174317	0
701	76597	0
702	31845	1
703	72970	0
704	184870	1
705	182861	0
706	151540	0
707	163998	1
708	138947	1
709	161251	0
710	121725	1
711	137654	0
712	145689	1
713	9009	0
714	144822	0
715	116942	0
716	157789	1
717	30985	1
718	35406	0
719	137690	1
720	51213	0
721	137098	1
722	71799	0
723	163942	1
724	101928	1
725	162252	1
726	398	0
727	1170	1
728	162174	1
729	113717	1
730	87277	0
731	102161	1
732	188882	0
733	18802	1
734	36053	0
735	153339	1
736	50689	0
737	142690	1
738	153581	0
739	176783	1
740	10511	1
741	76589	0
742	111384	0
743	5964	1
744	106517	0
745	123945	0
746	35713	1
747	51945	1
748	139534	1
749	98457	0
750	62748	0
751	127873	1
752	186753	1
753	109000	1
754	29941	0
755	114657	0
756	42414	0
757	54195	0
758	146433	1
759	190493	0
760	36810	1
761	168569	0
762	106646	0
763	81401	1
764	69824	1
765	154773	0
766	27650	1
767	105685	0
768	54644	0
769	175987	0
770	110110	1
771	42712	1
772	133188	0
773	27034	0
774	24308	0
775	117534	1
776	151428	0
777	75789	0
778	68883	1
779	130064	1
780	182699	0
781	38218	1
782	171567	0
783	125951	1
784	99225	1
785	54613	0
786	46994	0
787	19572	0
788	135139	1
789	106075	0
790	69682	1
791	125059	1
792	118670	0
793	60018	0
794	126103	1
795	140162	1
796	85466	0
797	159001	0
798	12549	0
799	77067	0
800	55011	0
801	12952	1
802	95813	1
803	105110	0
804	117801	1
805	5279	1
806	38364	1
807	108622	1
808	29856	1
809	83386	1
810	24926	1
811	86749	1
812	163494	1
813	136335	1
814	158151	1
815	140254	0
816	153978	1
817	169711	1
818	16023	0
819	92119	1
820	153046	0
821	85441	1
822	37038	1
823	34893	0
824	175713	0
825	38632	1
826	70293	0
827	167395	1
828	17773	0
829	105867	0
830	51597	0
831	182320	1
832	15474	0
833	53131	1
834	176472	1
835	182523	0
836	111380	0
837	1563	1
838	64969	1
839	61464	1
840	128190	1
841	181227	0
842	153429	1
843	57958	0
844	65903	0
845	40065	0
846	73444	0
847	160759	1
848	20194	0
849	154629	1
850	76052	0
851	33143	0
852	179909	0
853	106685	0
854	38194	1
855	64960	1
856	89568	1
857	20058	1
858	51177	1
859	140412	1
860	94000	0
861	136302	1
862	118783	0
863	20295	0
864	30422	0
865	114421	1
866	37599	1
867	37995	1
868	147445	1
869	137957	0
870	92881	1
871	160317	1
872	117416	1
873	19765	1
874	102105	0
875	7321	1
876	151924	1
877	176053	1
878	85135	1
879	47698	0
880	176968	1
881	66632	0
882	27223	1
883	33732	0
884	78083	1
885	179663	1
886	103946	0
887	73604	0
888	107018	1
889	18752	1
890	66036	0
891	55048	0
892	165398	1
893	118694	1
894	159624	0
895	83318	1
896	124191	0
897	171921	0
898	149699	1
899	78284	0
900	106829	1
901	75039	0
902	124573	0
903	98517	0
904	14233	1
905	32079	0
906	147835	1
907	160022	1
908	152203	1
909	48906	0
910	93830	0
911	95819	1
912	177383	1
913	53912	0
914	171700	0
915	189467	0
916	99758	0
917	117373	0
918	93458	0
919	151434	1
920	35042	1
921	168046	1
922	15734	0
923	155808	0
924	93310	1
925	35955	0
926	146124	1
927	53440	1
928	139438	1
929	169081	0
930	134510	0
931	31282	0
932	138827	1
933	189577	0
934	92762	1
935	67408	1
936	56106	1
937	151790	1
938	84404	0
939	176522	0
940	27522	1
941	7411	1
942	41061	1
943	91763	1
944	29751	0
945	33330	1
946	87750	1
947	137259	0
948	17028	0
949	143889	0
950	42216	0
951	49481	0
952	78708	1
953	133799	1
954	133710	1
955	60185	0
956	30710	1
957	42765	1
958	19971	1
959	165697	1
960	120497	0
961	7057	1
962	137724	1
963	167841	0
964	116890	0
965	147352	1
966	175759	0
967	95469	0
968	86627	0
969	14448	1
970	147975	0
971	25881	0
972	136921	0
973	118769	1
974	25023	0
975	169495	0
976	172896	1
977	132245	0
978	27387	1
979	59273	0
980	3599	1
981	28430	1
982	190225	0
983	190834	0
984	161168	1
985	190108	1
986	100259	0
987	153385	1
988	132705	0
989	72267	1
990	157508	1
991	16789	0
992	38161	1
993	27244	1
994	128158	0
995	44925	1
996	115732	1
997	162264	1
998	174708	1
999	129132	0
1000	146404	0
1001	70311	0
1002	7729	0
1003	150085	1
1004	58126	0
1005	110539	0
1006	101606	0
1007	8585	0
1008	104433	1
1009	27925	1
1010	64009	0
1011	43517	0
1012	61162	0
1013	32555	1
1014	136434	0
1015	129899	0
1016	34127	0
1017	59169	1
1018	40224	0
1019	49406	0
1020	176260	0
1021	92675	0
1022	3696	0
1023	26572	0
1024	91773	1
1025	99869	0
1026	113762	0
1027	156320	1
1028	124331	0
1029	148293	1
1030	119677	0
1031	98542	0
1032	135302	1
1033	61632	0
1034	134554	1
1035	18474	0
1036	155663	1
1037	77640	0
1038	124935	0
1039	7847	1
1040	68152	1
1041	161276	1
1042	60535	0
1043	86937	0
1044	44975	0
1045	72930	1
1046	31980	0
1047	21922	0
1048	159632	0
1049	122152	0
1050	161247	0
1051	125523	0
1052	25844	1
1053	113634	0
1054	145651	1
1055	14552	1
1056	52599	0
1057	57054	0
1058	29454	1
1059	96231	0
1060	112340	1
1061	59755	0
1062	76451	1
1063	86440	0
1064	165192	1
1065	33206	0
1066	171737	1
1067	125744	1
1068	132089	0
1069	18359	0
1070	47740	0
1071	148882	0
1072	144732	0
1073	5796	0
1074	58640	1
1075	48912	0
1076	114059	0
1077	79765	0
1078	23234	1
1079	177052	0
1080	21833	0
1081	22290	0
1082	169788	0
1083	53663	0
1084	117565	1
1085	116192	0
1086	88254	1
1087	147631	1
1088	163520	0
1089	189902	1
1090	58268	1
1091	27451	0
1092	174264	0
1093	93080	0
1094	131378	1
1095	149219	1
1096	104923	1
1097	58030	0
1098	161634	0
1099	64876	1
1100	948	1
1101	48928	1
1102	54589	0
1103	79184	0
1104	100707	1
1105	73694	1
1106	74319	0
1107	155195	0
1108	72510	0
1109	177626	0
1110	168267	1
1111	21826	0
1112	19940	0
1113	54260	0
1114	47402	0
1115	96102	1
1116	121402	1
1117	10422	0
1118	126431	0
1119	112301	1
1120	113803	0
1121	175845	0
1122	97835	1
1123	15327	0
1124	113699	1
1125	151176	1
1126	67228	1
1127	90658	1
1128	9460	0
1129	4234	1
1130	139159	1
1131	181045	0
1132	99890	0
1133	122899	0
1134	56367	1
1135	35137	1
1136	21774	1
1137	15459	0
1138	48707	0
1139	21333	1
1140	100885	1
1141	52173	0
1142	5959	0
1143	90397	1
1144	27921	1
1145	26349	0
1146	175854	0
1147	10001	1
1148	96454	0
1149	7000	0
1150	166091	1
1151	169799	1
1152	44469	0
1153	51521	1
1154	43798	0
1155	52461	1
1156	154131	1
1157	178377	0
1158	35026	1
1159	59310	0
1160	133668	0
1161	46490	1
1162	91877	0
1163	128044	0
1164	100287	0
1165	182395	1
1166	143070	1
1167	172314	0
1168	187159	0
1169	133374	0
1170	78805	0
1171	87147	0
1172	145531	1
1173	189563	1
1174	163696	1
1175	125242	1
1176	90383	1
1177	106730	0
1178	154192	1
1179	34425	0
1180	1635	1
1181	85396	1
1182	52772	0
1183	83276	1
1184	99410	1
1185	144967	0
1186	121341	1
1187	35283	1
1188	39695	0
1189	141486	0
1190	155587	1
1191	145806	0
1192	140716	0
1193	185213	0
1194	99142	0
1195	188089	0
1196	7162	1
1197	150640	1
1198	45600	1
1199	81686	1
1200	166060	1
1201	95454	1
1202	163950	1
1203	14048	0
1204	103829	0
1205	2764	0
1206	186535	0
1207	115863	0
1208	32167	0
1209	183910	0
1210	14018	0
1211	29117	1
1212	158548	1
1213	142650	1
1214	137573	0
1215	151492	1
1216	111339	0
1217	123655	0
1218	38435	0
1219	70833	0
1220	190057	0
1221	115271	1
1222	171397	0
1223	150082	1
1224	40094	0
1225	63960	0
1226	5607	1
1227	180904	0
1228	124061	1
1229	162488	1
1230	140169	0
1231	107492	0
1232	152770	1
1233	56573	0
1234	8195	0
1235	100087	0
1236	112392	1
1237	179486	1
1238	163937	1
1239	37936	0
1240	65065	1
1241	149874	0
1242	38859	1
1243	127392	0
1244	27685	1
1245	163578	1
1246	146620	1
1247	152531	1
1248	150799	1
1249	184234	0
1250	20017	0
1251	139217	1
1252	179227	1
1253	52476	0
1254	98334	0
1255	119733	1
1256	69051	0
1257	140313	0
1258	124322	0
1259	98390	0
1260	181513	0
1261	66541	0
1262	184384	0
1263	143329	0
1264	30430	1
1265	99594	1
1266	138713	1
1267	71	0
1268	15815	0
1269	37528	0
1270	191701	0
1271	38035	1
1272	169459	0
1273	120197	1
1274	159205	1
1275	5070	1
1276	137835	0
1277	40160	1
1278	78693	1
1279	47301	0
1280	178499	0
1281	116415	0
1282	136257	1
1283	26979	1
1284	161989	0
1285	16700	1
1286	17961	0
1287	182226	1
1288	124313	1
1289	52523	1
1290	26024	1
1291	148806	1
1292	185651	0
1293	110460	0
1294	22363	0
1295	149248	1
1296	111878	0
1297	46141	1
1298	87612	0
1299	114004	0
1300	101027	1
1301	99310	1
1302	89201	1
1303	48384	0
1304	126612	0
1305	104012	1
1306	127021	0
1307	135341	0
1308	154430	0
1309	97715	1
1310	13658	1
1311	190206	0
1312	97325	0
1313	33587	1
1314	178190	1
1315	92125	0
1316	47022	0
1317	101949	1
1318	146670	0
1319	184783	1
1320	170824	1
1321	187975	0
1322	187152	0
1323	51837	0
1324	170722	1
1325	190552	1
1326	189326	1
1327	36907	0
1328	19459	1
1329	133410	1
1330	60186	1
1331	154458	0
1332	12157	0
1333	44400	0
1334	20940	1
1335	64776	1
1336	7900	0
1337	3042	0
1338	160336	1
1339	155100	1
1340	45203	0
1341	4923	0
1342	6418	0
1343	153632	1
1344	51016	1
1345	132769	0
1346	143956	1
1347	146807	1
1348	98731	1
1349	95300	1
1350	177923	0
1351	70142	1
1352	10273	1
1353	37563	0
1354	34081	1
1355	92482	1
1356	98081	1
1357	122890	0
1358	117901	1
1359	174181	1
1360	146380	1
1361	68009	1
1362	164820	1
1363	50007	1
1364	93564	0
1365	178387	0
1366	29193	0
1367	85221	1
1368	152045	1
1369	106362	0
1370	35520	0
1371	69765	1
1372	177750	0
1373	84687	0
1374	62970	0
1375	11892	1
1376	174174	1
1377	92924	0
1378	39364	0
1379	103619	1
1380	187477	1
1381	179200	1
1382	133101	0
1383	189310	1
1384	145321	0
1385	35119	0
1386	15372	1
1387	55024	1
1388	184732	1
1389	87884	0
1390	20021	1
1391	163467	0
1392	189792	1
1393	115202	0
1394	103480	0
1395	144747	1
1396	93251	0
1397	183773	1
1398	110880	0
1399	36662	0
1400	54962	0
1401	21516	1
1402	57371	1
1403	82312	1
1404	13330	0
1405	168064	1
1406	150294	0
1407	89288	1
1408	52934	0
1409	83703	0
1410	176276	0
1411	91037	0
1412	148185	1
1413	182910	0
1414	184833	0
1415	81538	0
1416	161535	1
1417	154318	1
1418	6243	0
1419	174350	0
1420	13764	0
1421	127679	1
1422	148483	1
1423	114083	1
1424	118945	1
1425	130634	1
1426	2270	1
1427	162466	1
1428	42222	0
1429	152869	0
1430	108160	1
1431	29737	0
1432	88233	1
1433	128489	1
1434	170970	0
1435	155576	0
1436	45652	0
1437	25426	1
1438	111731	0
1439	176671	0
1440	116347	1
1441	150876	1
1442	44219	0
1443	96147	0
1444	182883	1
1445	41072	1
1446	54517	0
1447	67410	1
1448	3837	0
1449	147524	1
1450	74549	0
1451	163268	0
1452	54024	1
1453	106451	0
1454	143650	1
1455	151623	1
1456	85303	0
1457	143430	1
1458	138441	1
1459	8339	0
1460	96620	0
1461	76842	0
1462	106437	0
1463	33945	1
1464	111210	0
1465	99136	0
1466	913	1
1467	69880	0
1468	90354	0
1469	158848	1
1470	43705	0
1471	97137	0
1472	356	1
1473	112804	0
1474	77848	1
1475	65032	0
1476	43722	1
1477	37336	0
1478	167477	0
1479	89815	0
1480	120812	1
1481	9709	0
1482	23495	1
1483	132462	0
1484	62528	0
1485	165179	1
1486	131133	1
1487	149831	1
1488	150023	1
1489	50426	1
1490	8081	0
1491	100400	1
1492	46028	0
1493	95404	0
1494	8275	0
1495	76230	0
1496	177273	0
1497	28526	1
1498	122819	1
1499	10508	0
1500	130289	0
1501	29126	0
1502	170825	0
1503	39582	1
1504	49435	1
1505	17146	0
1506	72103	0
1507	102733	0
1508	186271	1
1509	126252	1
1510	177186	0
1511	111363	1
1512	133682	0
1513	76132	0
1514	181987	0
1515	81326	0
1516	144417	1
1517	104795	1
1518	11431	1
1519	33644	1
1520	13633	1
1521	191184	1
1522	84642	0
1523	17850	0
1524	181478	1
1525	127165	0
1526	184170	0
1527	153794	1
1528	20283	0
1529	191502	0
1530	127606	1
1531	97077	1
1532	130162	0
1533	178175	0
1534	104401	1
1535	178843	1
1536	75450	1
1537	104804	1
1538	11638	1
1539	160637	0
1540	188396	0
1541	163748	1
1542	124565	0
1543	55688	0
1544	47159	0
1545	166551	1
1546	189050	1
1547	69205	0
1548	105463	0
1549	37107	1
1550	39928	1
1551	168349	1
1552	119553	1
1553	18040	0
1554	151384	1
1555	70246	1
1556	15692	0
1557	82851	1
1558	4907	1
1559	89934	1
1560	175422	1
1561	24061	1
1562	157785	1
1563	173617	1
1564	49892	0
1565	185915	1
1566	6665	1
1567	164911	0
1568	1356	1
1569	44558	1
1570	123120	1
1571	99344	0
1572	80910	1
1573	97672	0
1574	100632	0
1575	189540	1
1576	24365	0
1577	46159	0
1578	31526	0
1579	46656	1
1580	128525	0
1581	158285	0
1582	7671	0
1583	74989	0
1584	69480	0
1585	184889	1
1586	159201	0
1587	182869	0
1588	180476	0
1589	51794	0
1590	116658	0
1591	30117	1
1592	48099	0
1593	143598	1
1594	109790	1
1595	147824	0
1596	162870	1
1597	53948	1
1598	153289	1
1599	8776	0
1600	31051	0
1601	68887	1
1602	157479	0
1603	22999	1
1604	64087	1
1605	93250	0
1606	513	1
1607	135277	0
1608	65992	0
1609	102898	1
1610	95489	0
1611	152021	1
1612	190672	0
1613	27561	0
1614	167688	0
1615	106195	0
1616	75795	0
1617	169944	1
1618	114953	0
1619	36960	1
1620	92152	1
1621	138053	0
1622	50752	0
1623	146332	0
1624	103428	1
1625	143815	1
1626	132122	1
1627	23326	1
1628	168753	0
1629	127939	0
1630	144141	1
1631	87573	0
1632	81710	1
1633	147725	1
1634	162274	1
1635	13938	1
1636	114098	0
1637	132448	0
1638	45868	1
1639	147083	0
1640	130571	1
1641	36143	1
1642	169805	1
1643	110119	0
1644	170143	1
1645	113669	1
1646	124818	1
1647	98459	0
1648	139735	1
1649	179838	0
1650	84514	1
1651	169237	0
1652	148908	1
1653	46123	1
1654	1226	0
1655	159689	0
1656	33417	0
1657	24740	0
1658	47161	1
1659	130581	0
1660	127293	0
1661	76494	0
1662	159469	1
1663	136219	1
1664	109741	0
1665	136136	0
1666	134217	1
1667	62471	1
1668	167711	0
1669	138409	0
1670	171614	0
1671	190272	1
1672	83026	0
1673	107345	0
1674	187895	0
1675	42895	0
1676	52257	1
1677	180685	1
1678	138899	0
1679	5409	1
1680	20158	0
1681	26555	0
1682	49697	1
1683	185808	1
1684	133514	0
1685	163140	1
1686	133087	1
1687	63064	0
1688	10643	1
1689	87311	1
1690	187135	0
1691	186054	1
1692	173515	1
1693	163411	1
1694	139925	0
1695	170610	0
1696	39550	1
1697	92749	1
1698	20220	0
1699	14411	1
1700	87269	0
1701	32853	1
1702	105700	0
1703	115951	1
1704	104107	0
1705	157181	1
1706	110908	1
1707	148182	1
1708	168	0
1709	59159	1
1710	135141	1
1711	114	1
1712	170139	0
1713	68019	1
1714	69927	1
1715	57076	1
1716	2739	0
1717	183424	0
1718	70703	1
1719	30577	0
1720	144805	1
1721	99813	0
1722	153803	1
1723	147964	0
1724	87316	0
1725	48473	0
1726	133171	0
1727	190173	1
1728	141682	0
1729	85299	0
1730	103707	0
1731	79223	1
1732	176410	0
1733	180868	1
1734	136153	0
1735	172268	1
1736	158691	1
1737	13307	0
1738	53576	1
1739	146201	0
1740	140268	1
1741	69685	1
1742	64829	1
1743	76663	1
1744	177282	1
1745	28229	1
1746	62816	0
1747	100374	1
1748	158487	1
1749	21691	0
1750	107741	0
1751	172774	1
1752	181907	1
1753	176629	0
1754	26690	1
1755	138945	1
1756	80940	0
1757	184559	1
1758	45687	1
1759	136972	1
1760	174946	0
1761	103124	1
1762	55720	1
1763	15139	0
1764	75445	0
1765	114854	0
1766	81162	0
1767	59876	0
1768	6788	1
1769	10388	1
1770	151206	0
1771	130437	0
1772	56993	0
1773	183993	1
1774	128296	1
1775	147494	1
1776	16533	0
1777	19680	1
1778	124043	0
1779	167749	1
1780	115411	0
1781	135174	0
1782	70439	0
1783	10880	0
1784	14756	0
1785	155677	0
1786	14516	0
1787	28668	1
1788	179294	1
1789	160803	1
1790	18364	0
1791	153309	1
1792	116498	0
1793	111961	0
1794	107804	1
1795	128180	0
1796	70958	1
1797	110042	0
1798	31153	1
1799	145955	1
1800	179151	1
1801	170542	1
1802	167578	1
1803	104577	0
1804	37786	1
1805	129577	0
1806	170937	0
1807	34918	0
1808	178084	1
1809	168592	1
1810	109453	1
1811	7323	1
1812	157689	1
1813	173028	0
1814	189460	1
1815	155945	1
1816	5255	1
1817	27009	0
1818	170668	1
1819	133683	1
1820	98404	0
1821	29831	1
1822	112970	0
1823	17837	1
1824	65490	1
1825	158178	0
1826	169682	1
1827	34826	0
1828	27774	0
1829	94582	0
1830	148051	1
1831	117456	0
1832	23291	0
1833	72038	0
1834	187981	0
1835	88600	0
1836	77641	1
1837	90819	1
1838	15391	1
1839	115747	1
1840	155888	1
1841	23288	1
1842	68064	0
1843	129645	0
1844	177010	0
1845	191405	0
1846	136944	1
1847	60627	0
1848	150473	1
1849	11183	1
1850	51823	1
1851	100812	1
1852	137347	1
1853	106375	0
1854	143608	0
1855	68821	1
1856	3705	1
1857	528	1
1858	90782	0
1859	19845	1
1860	184957	1
1861	92317	1
1862	93296	0
1863	141789	0
1864	85089	0
1865	39294	0
1866	102780	0
1867	23751	0
1868	181118	1
1869	68137	1
1870	33860	1
1871	84948	0
1872	95581	0
1873	150173	0
1874	25595	0
1875	109063	0
1876	121071	0
1877	149865	1
1878	106544	1
1879	28534	0
1880	49344	1
1881	71988	0
1882	60724	0
1883	162052	1
1884	153234	0
1885	9854	0
1886	93554	1
1887	166199	1
1888	127865	1
1889	124195	0
1890	161863	0
1891	18177	0
1892	87592	0
1893	177567	1
1894	18366	0
1895	65241	1
1896	160159	1
1897	65423	1
1898	19068	0
1899	102943	1
1900	43013	0
1901	102548	0
1902	168665	0
1903	65087	1
1904	64028	0
1905	121210	1
1906	115972	1
1907	113222	1
1908	32507	0
1909	116781	1
1910	103990	0
1911	49519	1
1912	61418	0
1913	89434	1
1914	124827	1
1915	145188	1
1916	149918	1
1917	91046	1
1918	34617	0
1919	14224	1
1920	74455	1
1921	190416	0
1922	74994	1
1923	178741	0
1924	80954	1
1925	31856	0
1926	28843	0
1927	4551	1
1928	70181	0
1929	17385	1
1930	22470	0
1931	74438	1
1932	26567	0
1933	43000	1
1934	166864	1
1935	169898	0
1936	103333	1
1937	105075	0
1938	17787	0
1939	102093	1
1940	31145	1
1941	127662	0
1942	6619	1
1943	83319	0
1944	181019	1
1945	180193	0
1946	18954	1
1947	129330	1
1948	19536	1
1949	13477	1
1950	127116	1
1951	28361	0
1952	36394	1
1953	44191	0
1954	119838	1
1955	65880	1
1956	90113	0
1957	131466	0
1958	59294	0
1959	161005	1
1960	40922	0
1961	141285	0
1962	148131	1
1963	14052	0
1964	101235	1
1965	125047	0
1966	30193	0
1967	130702	1
1968	135358	1
1969	10619	1
1970	90626	0
1971	167008	0
1972	18272	0
1973	35127	1
1974	136661	0
1975	177084	0
1976	23500	1
1977	8499	0
1978	106892	1
1979	87871	0
1980	124344	0
1981	173563	1
1982	143773	1
1983	174121	1
1984	59677	0
1985	28392	1
1986	186481	1
1987	111789	0
1988	103756	0
1989	123763	1
1990	96539	0
1991	171116	0
1992	82585	1
1993	179129	1
1994	139594	0
1995	23612	1
1996	16918	0
1997	11440	1
1998	84732	1
1999	160460	1
2000	73257	1
2001	147460	1
2002	73874	1
2003	182093	1
2004	70404	0
2005	82374	0
2006	130490	0
2007	148803	1
2008	74171	1
2009	105683	0
2010	81613	0
2011	63358	0
2012	186597	0
2013	10436	1
2014	184915	1
2015	157675	1
2016	160208	1
2017	49650	0
2018	133169	0
2019	158087	0
2020	152149	0
2021	106664	1
2022	156106	0
2023	35803	1
2024	28704	1
2025	132503	1
2026	161478	0
2027	165090	1
2028	20750	1
2029	95365	1
2030	34336	0
2031	140436	1
2032	26335	1
2033	172877	1
2034	109533	0
2035	136187	1
2036	25632	0
2037	8061	1
2038	161399	0
2039	64873	1
2040	3832	0
2041	183935	0
2042	166140	1
2043	103227	0
2044	107774	0
2045	166254	1
2046	125163	1
2047	14529	1
2048	43813	1
2049	58404	0
2050	14332	0
2051	119495	1
2052	132208	0
2053	140010	1
2054	114572	1
2055	145605	1
2056	59778	0
2057	179216	1
2058	117861	0
2059	175163	0
2060	113083	0
2061	88272	1
2062	160067	1
2063	46719	0
2064	96110	1
2065	156307	0
2066	92421	1
2067	135069	0
2068	151162	1
2069	4679	0
2070	47042	0
2071	7798	1
2072	158635	0
2073	37452	1
2074	71943	0
2075	13727	0
2076	10630	0
2077	81527	0
2078	46173	0
2079	130249	0
2080	35744	1
2081	37557	0
2082	95780	0
2083	69369	1
2084	178946	0
2085	110053	0
2086	25045	0
2087	63184	0
2088	126408	1
2089	134035	0
2090	81537	0
2091	171422	1
2092	91517	1
2093	44794	0
2094	45764	0
2095	25558	1
2096	75609	1
2097	185972	1
2098	190507	0
2099	103903	0
2100	76519	1
2101	112353	1
2102	189137	1
2103	90995	1
2104	85180	1
2105	174620	1
2106	83910	0
2107	13426	1
2108	23975	0
2109	97768	1
2110	132302	1
2111	93565	1
2112	65810	1
2113	173080	1
2114	25171	1
2115	114500	0
2116	86611	1
2117	65804	0
2118	1298	0
2119	187082	1
2120	76860	1
2121	68100	1
2122	166711	1
2123	67913	0
2124	18331	1
2125	124847	1
2126	135033	1
2127	31059	0
2128	27584	1
2129	152716	1
2130	48610	1
2131	167536	0
2132	153966	1
2133	138889	0
2134	147013	1
2135	176950	0
2136	176307	1
2137	9946	1
2138	160333	1
2139	1809	1
2140	98878	0
2141	139898	0
2142	3099	0
2143	105512	1
2144	160909	1
2145	173386	0
2146	170543	1
2147	175670	0
2148	79606	0
2149	102720	1
2150	186168	0
2151	59154	1
2152	141279	1
2153	183604	1
2154	30676	1
2155	141203	0
2156	184882	1
2157	65765	1
2158	10553	0
2159	190251	0
2160	117578	1
2161	124219	0
2162	166736	0
2163	125896	1
2164	18351	1
2165	20612	0
2166	35015	0
2167	169956	0
2168	77350	1
2169	7534	0
2170	35276	0
2171	179581	1
2172	29564	1
2173	81515	0
2174	176198	1
2175	168976	0
2176	98565	1
2177	92986	0
2178	149201	0
2179	155132	1
2180	45681	0
2181	132815	0
2182	76272	1
2183	176185	0
2184	72544	0
2185	84610	1
2186	45588	0
2187	21625	0
2188	56693	1
2189	109961	0
2190	25219	1
2191	42123	1
2192	160652	1
2193	35608	1
2194	17745	0
2195	60605	0
2196	103474	1
2197	148661	1
2198	88279	1
2199	122223	1
2200	46367	1
2201	114568	0
2202	62292	0
2203	167571	1
2204	178778	1
2205	80490	1
2206	29382	0
2207	61829	0
2208	140235	1
2209	73743	1
2210	123907	0
2211	48794	0
2212	85890	0
2213	182532	1
2214	13566	0
2215	179112	1
2216	191716	0
2217	97582	0
2218	100414	1
2219	155623	1
2220	48860	1
2221	54857	0
2222	104935	0
2223	134504	0
2224	159764	0
2225	95829	0
2226	49626	0
2227	3991	1
2228	89209	1
2229	121325	1
2230	88990	0
2231	82488	0
2232	113273	1
2233	7346	1
2234	81152	0
2235	3066	1
2236	20759	0
2237	103490	0
2238	152754	1
2239	110979	1
2240	119356	1
2241	70946	1
2242	79839	0
2243	103387	1
2244	54520	0
2245	31073	1
2246	103090	0
2247	99309	0
2248	165533	1
2249	17064	0
2250	29279	0
2251	6023	1
2252	172756	0
2253	178047	0
2254	174621	0
2255	117446	1
2256	27652	1
2257	126796	0
2258	164024	1
2259	7358	0
2260	66445	1
2261	170097	1
2262	13483	1
2263	127899	1
2264	173904	1
2265	93437	1
2266	150986	1
2267	23263	0
2268	121226	1
2269	41519	1
2270	101924	0
2271	105148	0
2272	66285	0
2273	98115	0
2274	57755	0
2275	181796	1
2276	40834	0
2277	169952	0
2278	158177	1
2279	149183	1
2280	22191	1
2281	158538	1
2282	179760	0
2283	123388	1
2284	85656	1
2285	128742	1
2286	168244	1
2287	34292	1
2288	15586	0
2289	36559	1
2290	25603	1
2291	12226	0
2292	47906	1
2293	43776	0
2294	31212	0
2295	163667	0
2296	138971	0
2297	153755	1
2298	57335	1
2299	7945	1
2300	40	0
2301	148146	1
2302	171805	1
2303	158875	1
2304	87469	1
2305	159394	1
2306	157719	1
2307	101342	0
2308	156880	1
2309	33256	1
2310	83410	1
2311	129985	0
2312	138056	0
2313	50905	0
2314	3480	1
2315	84699	1
2316	178621	1
2317	86458	1
2318	153718	1
2319	113383	0
2320	165283	1
2321	137716	1
2322	120944	0
2323	58398	1
2324	157446	1
2325	184894	1
2326	183340	0
2327	106837	0
2328	61714	0
2329	44067	1
2330	132620	0
2331	68633	0
2332	176471	1
2333	2206	1
2334	127426	0
2335	48740	0
2336	87116	1
2337	175829	1
2338	165869	1
2339	141808	1
2340	76931	0
2341	182282	1
2342	22816	0
2343	77471	1
2344	29708	1
2345	134248	1
2346	90955	0
2347	98560	0
2348	185742	1
2349	73865	1
2350	88296	1
2351	158318	1
2352	47039	0
2353	103952	0
2354	77520	1
2355	6335	1
2356	37890	0
2357	181799	0
2358	12416	0
2359	171666	0
2360	137722	1
2361	170047	1
2362	49897	1
2363	73292	0
2364	12465	1
2365	48296	0
2366	3757	1
2367	109391	1
2368	41804	0
2369	56303	0
2370	21845	1
2371	82741	0
2372	66636	1
2373	58395	1
2374	164882	0
2375	118178	1
2376	187841	0
2377	41481	1
2378	9908	1
2379	174852	0
2380	168168	0
2381	115456	0
2382	99633	1
2383	13580	0
2384	185738	0
2385	9486	1
2386	156218	1
2387	127880	1
2388	164226	1
2389	135741	1
2390	152769	1
2391	177479	0
2392	112643	0
2393	173913	1
2394	131425	1
2395	75054	0
2396	87627	0
2397	13556	0
2398	84688	0
2399	16885	0
2400	33410	0
2401	7511	1
2402	182487	1
2403	118951	0
2404	103485	1
2405	177810	0
2406	100204	0
2407	145302	0
2408	179037	1
2409	25193	0
2410	8894	0
2411	71282	0
2412	24295	0
2413	107754	0
2414	50981	1
2415	38762	0
2416	22466	0
2417	117402	1
2418	140936	0
2419	70465	0
2420	27309	0
2421	188308	0
2422	22656	0
2423	20989	1
2424	144751	1
2425	107618	0
2426	165088	1
2427	25247	1
2428	18199	1
2429	140004	1
2430	152451	0
2431	180589	0
2432	154618	1
2433	1765	1
2434	12148	0
2435	92286	0
2436	114333	0
2437	168711	1
2438	27831	0
2439	33636	0
2440	50731	0
2441	113905	0
2442	80147	0
2443	30709	1
2444	30195	1
2445	88723	0
2446	111919	0
2447	727	0
2448	146497	1
2449	59591	0
2450	88129	1
2451	162543	0
2452	97319	0
2453	85997	1
2454	185830	1
2455	157088	0
2456	155049	0
2457	152212	0
2458	141186	0
2459	80841	0
2460	59389	0
2461	28383	1
2462	142173	1
2463	76897	1
2464	70663	0
2465	152283	0
2466	32320	0
2467	99297	1
2468	168725	1
2469	46443	1
2470	130895	0
2471	168474	1
2472	171396	1
2473	155714	1
2474	51414	0
2475	146861	0
2476	42354	1
2477	92578	0
2478	16610	1
2479	100645	1
2480	58000	0
2481	34364	1
2482	82457	1
2483	147592	0
2484	112650	0
2485	148357	1
2486	182679	0
2487	184470	1
2488	127255	1
2489	188621	0
2490	44782	0
2491	97533	1
2492	156331	0
2493	102582	0
2494	81558	0
2495	133361	0
2496	165071	1
2497	139123	0
2498	179951	0
2499	68808	1
